n=1000000;sum(4./((1:n)*2-1).*(mod(1:n, 2)*2-1))
